14.99997778074544
10.333007356286831
6.999997270451807
4.666999072348364
3.3329986266791223
2.3329981981034424
1.666997786621325
1.3329977695277628
1.0000004285756798
0.6669973580456453
0.3330002057410588
0.0
-0.3330002057410588
-0.6669973580456453
-1.0000004285756798
-1.3329977695277628
-1.666997786621325
-2.0000008571513597
-2.3329981981034424
-2.6669982151970046
-3.000001285727039
-3.3329986266791223
-3.666998643772684
-4.000001714302719
-4.666999072348364
-5.332999483830482
-6.148009029092273
-7.2539894610333
-8.842973314269614
-11.31001498854391
-15.638997609654844
-24.999982066502238